Coeficientes da função objetivo (c):
[ 61,  24,  81,  70,  30,  92,  96,  84,  84,  97,  33,  12,  31,  62,  11,
  97,  39,  47,  11,  73,  69,  30,  42,  85,  67,  31,  98,  58, 100,  68,
  51,  69,  89,  24,  71,  71,  56,  71,  60,  64,  73,  12,  60,  16,  30,
  82,  48,  27,  13,  98]

Matriz de restrições (A):
[[4, 2, 2, 1, 2, 5, 2, 4, 4, 4, 4, 5, 3, 1, 4, 2, 4, 2, 2, 4, 5, 2, 2, 4,
  2, 2, 4, 4, 1, 5, 5, 2, 5, 2, 1, 4, 4, 4, 5, 1, 5, 5, 1, 1, 1, 1, 4, 3,
  3, 1],
 [3, 3, 1, 3, 5, 2, 2, 1, 4, 1, 4, 2, 1, 5, 3, 4, 3, 3, 1, 3, 5, 3, 1, 5,
  2, 3, 1, 2, 2, 4, 5, 3, 1, 4, 5, 4, 5, 5, 3, 5, 4, 5, 3, 3, 4, 2, 2, 5,
  1, 5],
 [4, 4, 4, 4, 4, 3, 2, 4, 1, 1, 1, 1, 3, 1, 4, 5, 1, 3, 3, 1, 5, 1, 3, 2,
  4, 3, 1, 4, 1, 1, 2, 4, 4, 2, 3, 1, 5, 1, 1, 3, 1, 2, 2, 4, 5, 1, 1, 3,
  2, 5],
 [4, 2, 4, 3, 3, 1, 5, 4, 2, 3, 1, 1, 4, 3, 5, 3, 4, 4, 3, 4, 3, 2, 3, 3,
  4, 4, 1, 1, 2, 1, 3, 4, 1, 1, 2, 2, 3, 4, 2, 1, 4, 4, 1, 2, 1, 4, 5, 5,
  3, 1],
 [1, 3, 3, 3, 4, 1, 4, 3, 1, 4, 4, 3, 1, 3, 1, 5, 2, 2, 2, 3, 5, 1, 4, 1,
  4, 1, 5, 4, 3, 1, 1, 4, 3, 3, 5, 3, 3, 3, 2, 5, 1, 4, 1, 5, 4, 5, 3, 4,
  3, 1],
 [1, 4, 4, 5, 5, 3, 4, 1, 5, 5, 1, 5, 3, 4, 1, 4, 5, 5, 1, 3, 2, 1, 2, 2,
  3, 2, 2, 3, 2, 2, 2, 1, 1, 1, 3, 5, 2, 2, 3, 2, 1, 5, 4, 2, 1, 4, 5, 4,
  1, 4],
 [3, 4, 2, 2, 3, 1, 2, 5, 2, 2, 1, 4, 2, 3, 4, 5, 1, 5, 4, 4, 4, 5, 4, 5,
  4, 3, 4, 5, 2, 4, 2, 3, 1, 3, 4, 2, 2, 5, 2, 5, 1, 4, 5, 1, 2, 2, 1, 2,
  1, 5],
 [5, 1, 5, 5, 5, 3, 4, 2, 3, 5, 1, 5, 4, 5, 1, 4, 5, 4, 2, 2, 5, 4, 1, 5,
  2, 2, 5, 4, 2, 4, 2, 2, 3, 2, 1, 5, 5, 4, 2, 1, 4, 3, 4, 4, 2, 3, 4, 1,
  1, 5],
 [3, 3, 5, 4, 3, 1, 1, 2, 3, 4, 5, 5, 4, 2, 5, 3, 2, 3, 1, 2, 5, 2, 2, 2,
  2, 3, 1, 4, 2, 5, 2, 5, 3, 5, 4, 1, 5, 5, 1, 4, 2, 5, 1, 3, 1, 3, 4, 2,
  1, 5],
 [4, 1, 5, 1, 3, 1, 1, 1, 4, 1, 5, 3, 3, 1, 4, 4, 5, 1, 3, 4, 1, 4, 4, 3,
  2, 5, 5, 3, 4, 1, 4, 3, 5, 4, 5, 1, 5, 5, 2, 2, 2, 5, 3, 5, 3, 3, 2, 4,
  1, 2],
 [2, 4, 1, 5, 5, 2, 1, 2, 3, 2, 2, 5, 5, 5, 3, 5, 1, 4, 1, 1, 5, 4, 4, 4,
  3, 5, 4, 3, 2, 2, 3, 3, 5, 5, 2, 4, 2, 4, 4, 5, 1, 1, 3, 5, 4, 1, 4, 1,
  1, 1],
 [5, 2, 4, 5, 5, 5, 5, 5, 3, 4, 5, 4, 3, 3, 4, 1, 2, 1, 1, 1, 5, 3, 1, 3,
  4, 2, 4, 4, 5, 2, 4, 4, 2, 2, 4, 2, 4, 4, 5, 1, 4, 3, 1, 1, 1, 5, 4, 5,
  4, 5],
 [5, 3, 5, 2, 3, 5, 1, 2, 2, 2, 3, 5, 5, 1, 1, 2, 1, 3, 5, 2, 1, 3, 3, 1,
  5, 1, 2, 1, 3, 1, 5, 4, 1, 5, 5, 3, 5, 5, 5, 5, 2, 2, 3, 1, 5, 1, 1, 3,
  5, 5],
 [4, 1, 1, 2, 4, 2, 2, 2, 3, 3, 2, 4, 1, 4, 5, 3, 1, 1, 5, 5, 2, 3, 3, 4,
  2, 2, 2, 2, 3, 3, 2, 4, 1, 1, 4, 2, 3, 1, 5, 5, 4, 2, 1, 2, 1, 4, 4, 5,
  2, 5],
 [2, 5, 3, 3, 3, 3, 1, 3, 4, 4, 1, 3, 3, 3, 5, 2, 5, 2, 3, 3, 5, 5, 2, 4,
  2, 5, 5, 1, 5, 1, 4, 2, 2, 1, 2, 5, 3, 1, 2, 1, 1, 3, 5, 1, 2, 4, 1, 1,
  3, 5],
 [4, 2, 4, 2, 5, 2, 3, 3, 3, 3, 4, 5, 2, 2, 3, 3, 1, 5, 4, 2, 1, 1, 2, 4,
  1, 1, 5, 4, 1, 4, 2, 3, 1, 5, 2, 4, 2, 1, 4, 3, 2, 1, 5, 4, 2, 2, 3, 3,
  5, 5],
 [1, 1, 5, 5, 4, 3, 1, 3, 3, 5, 4, 2, 4, 4, 3, 4, 1, 3, 1, 2, 3, 2, 3, 5,
  4, 5, 2, 4, 3, 4, 1, 4, 1, 4, 1, 2, 5, 3, 4, 5, 3, 3, 1, 2, 2, 5, 2, 4,
  2, 5],
 [2, 4, 1, 5, 1, 1, 1, 3, 3, 1, 5, 4, 4, 2, 5, 3, 1, 2, 4, 3, 3, 1, 4, 5,
  3, 1, 5, 4, 3, 5, 5, 5, 3, 3, 2, 4, 1, 5, 2, 1, 2, 3, 5, 1, 1, 1, 1, 1,
  2, 5],
 [3, 3, 3, 3, 2, 4, 5, 1, 4, 3, 4, 5, 1, 1, 5, 5, 3, 1, 4, 2, 2, 5, 3, 2,
  1, 5, 4, 5, 4, 5, 5, 5, 4, 4, 5, 2, 3, 3, 3, 4, 4, 2, 3, 3, 5, 4, 3, 2,
  2, 3],
 [4, 2, 5, 2, 1, 1, 4, 3, 4, 4, 4, 4, 5, 5, 2, 1, 4, 2, 1, 3, 5, 1, 3, 1,
  5, 5, 2, 4, 1, 1, 3, 5, 1, 5, 1, 2, 4, 1, 5, 2, 1, 3, 4, 1, 2, 3, 2, 2,
  3, 2],
 [3, 1, 3, 3, 4, 3, 3, 1, 4, 5, 1, 1, 5, 3, 2, 4, 2, 5, 1, 1, 4, 1, 1, 4,
  4, 5, 1, 1, 5, 3, 3, 3, 5, 1, 5, 5, 3, 2, 1, 3, 2, 2, 4, 1, 2, 3, 4, 1,
  5, 3],
 [2, 2, 3, 2, 4, 1, 4, 2, 5, 1, 1, 3, 3, 5, 1, 5, 3, 3, 1, 4, 2, 3, 3, 4,
  4, 5, 5, 2, 2, 1, 5, 3, 5, 3, 4, 5, 4, 2, 2, 1, 5, 4, 3, 2, 2, 3, 4, 4,
  5, 5],
 [1, 2, 5, 4, 3, 4, 2, 4, 1, 2, 3, 1, 2, 3, 1, 1, 2, 5, 1, 1, 3, 4, 2, 2,
  5, 5, 2, 5, 3, 2, 5, 2, 4, 1, 2, 1, 5, 1, 2, 4, 5, 2, 5, 3, 1, 3, 2, 4,
  5, 1],
 [5, 2, 5, 1, 2, 5, 4, 2, 2, 4, 3, 1, 3, 5, 4, 3, 2, 5, 5, 3, 3, 4, 1, 3,
  3, 2, 5, 1, 2, 4, 4, 3, 3, 4, 3, 1, 3, 5, 3, 2, 1, 2, 2, 5, 1, 1, 1, 1,
  1, 5],
 [3, 2, 1, 3, 3, 2, 5, 4, 4, 3, 2, 4, 3, 5, 4, 3, 3, 1, 5, 1, 2, 1, 1, 4,
  3, 5, 1, 5, 1, 2, 1, 4, 3, 2, 1, 5, 2, 2, 1, 2, 5, 2, 5, 1, 3, 2, 3, 5,
  2, 4],
 [3, 2, 3, 2, 1, 3, 4, 4, 5, 2, 3, 5, 3, 2, 4, 1, 4, 5, 1, 5, 2, 1, 5, 2,
  4, 2, 3, 2, 2, 3, 5, 5, 2, 3, 3, 4, 5, 1, 5, 5, 4, 1, 4, 1, 2, 1, 4, 5,
  1, 1],
 [3, 5, 2, 4, 2, 5, 1, 1, 5, 1, 1, 1, 4, 4, 3, 2, 5, 5, 5, 3, 4, 3, 5, 2,
  1, 4, 4, 3, 4, 5, 5, 3, 5, 2, 3, 2, 1, 2, 1, 1, 2, 3, 5, 5, 1, 1, 3, 4,
  2, 1],
 [5, 3, 2, 3, 2, 2, 1, 3, 3, 5, 5, 1, 1, 4, 5, 2, 3, 1, 3, 3, 4, 5, 1, 3,
  1, 2, 4, 2, 1, 1, 5, 3, 3, 2, 4, 3, 5, 2, 2, 5, 4, 5, 4, 5, 5, 1, 2, 5,
  5, 3],
 [2, 3, 2, 3, 5, 5, 1, 3, 4, 1, 3, 3, 1, 5, 3, 5, 1, 5, 2, 4, 3, 4, 5, 3,
  5, 2, 1, 3, 2, 2, 3, 5, 2, 4, 2, 5, 5, 4, 2, 5, 3, 1, 1, 1, 2, 4, 5, 3,
  3, 2],
 [1, 2, 4, 4, 5, 5, 4, 4, 4, 2, 4, 3, 1, 4, 1, 2, 1, 2, 3, 2, 2, 5, 4, 4,
  3, 3, 4, 5, 4, 5, 3, 1, 3, 3, 2, 2, 2, 2, 5, 4, 1, 3, 5, 1, 5, 5, 3, 4,
  2, 4],
 [3, 3, 3, 1, 4, 4, 5, 5, 5, 3, 4, 3, 1, 5, 3, 3, 1, 2, 4, 2, 5, 3, 1, 1,
  4, 2, 4, 3, 4, 1, 1, 5, 5, 3, 2, 4, 3, 5, 4, 5, 4, 2, 3, 4, 1, 1, 4, 4,
  4, 1],
 [1, 4, 5, 5, 2, 3, 5, 1, 5, 2, 2, 3, 5, 1, 1, 4, 1, 3, 3, 1, 1, 4, 1, 4,
  4, 1, 2, 2, 4, 1, 2, 1, 1, 1, 5, 1, 5, 4, 2, 2, 2, 2, 2, 2, 2, 4, 1, 3,
  5, 3],
 [3, 1, 1, 1, 2, 4, 2, 4, 4, 3, 3, 4, 4, 2, 2, 3, 1, 4, 2, 3, 2, 4, 4, 5,
  1, 5, 3, 2, 3, 4, 5, 5, 5, 3, 4, 2, 2, 3, 5, 1, 3, 3, 4, 2, 3, 3, 5, 5,
  1, 4],
 [1, 5, 2, 5, 4, 5, 4, 4, 4, 4, 4, 2, 1, 3, 1, 4, 2, 5, 2, 4, 2, 2, 4, 2,
  3, 3, 2, 5, 4, 3, 5, 2, 5, 1, 3, 2, 4, 2, 4, 2, 5, 5, 5, 1, 4, 5, 1, 4,
  2, 1],
 [3, 1, 1, 4, 2, 3, 5, 5, 1, 4, 4, 5, 3, 2, 3, 2, 5, 2, 4, 1, 1, 5, 4, 3,
  4, 1, 1, 4, 4, 1, 3, 5, 5, 4, 5, 1, 1, 4, 4, 4, 3, 5, 4, 2, 2, 1, 5, 4,
  2, 5],
 [1, 3, 5, 5, 3, 5, 1, 1, 3, 4, 2, 4, 5, 2, 3, 3, 2, 1, 2, 5, 1, 3, 2, 4,
  4, 5, 4, 2, 2, 4, 2, 5, 1, 5, 5, 2, 1, 2, 3, 2, 2, 2, 1, 2, 1, 4, 3, 1,
  4, 1],
 [1, 3, 5, 5, 1, 2, 4, 2, 2, 1, 1, 1, 1, 5, 1, 5, 5, 1, 3, 4, 2, 5, 4, 3,
  2, 2, 5, 1, 3, 5, 3, 1, 1, 5, 1, 4, 2, 5, 3, 4, 5, 1, 1, 1, 1, 3, 4, 2,
  3, 3],
 [2, 2, 1, 3, 5, 2, 2, 4, 5, 5, 2, 1, 4, 5, 2, 5, 4, 4, 3, 2, 4, 3, 3, 5,
  5, 3, 5, 4, 1, 4, 3, 3, 4, 5, 5, 3, 2, 5, 4, 5, 4, 3, 5, 4, 3, 2, 4, 2,
  2, 1],
 [5, 4, 2, 1, 3, 4, 2, 5, 1, 2, 5, 2, 4, 4, 4, 1, 4, 5, 2, 3, 5, 5, 4, 1,
  2, 1, 2, 2, 1, 5, 2, 1, 2, 3, 5, 4, 2, 3, 4, 4, 2, 1, 2, 3, 4, 2, 1, 2,
  5, 1],
 [3, 4, 2, 1, 5, 1, 5, 3, 4, 3, 2, 1, 5, 5, 1, 1, 2, 3, 5, 2, 3, 2, 5, 1,
  1, 3, 4, 3, 4, 2, 2, 5, 4, 5, 1, 4, 3, 1, 1, 3, 1, 4, 5, 1, 4, 2, 4, 5,
  4, 3],
 [5, 2, 3, 4, 5, 2, 3, 2, 4, 2, 1, 3, 2, 4, 4, 2, 4, 5, 5, 5, 1, 2, 1, 4,
  1, 4, 4, 3, 5, 4, 3, 5, 4, 4, 1, 1, 5, 4, 2, 1, 5, 4, 4, 2, 5, 4, 1, 2,
  5, 2],
 [1, 5, 2, 3, 1, 1, 1, 3, 3, 4, 2, 4, 2, 3, 3, 4, 5, 4, 2, 4, 1, 2, 2, 5,
  3, 2, 3, 4, 1, 5, 3, 2, 3, 2, 3, 2, 4, 2, 2, 1, 2, 1, 5, 1, 4, 1, 5, 4,
  3, 3],
 [1, 1, 5, 5, 2, 5, 2, 4, 1, 4, 5, 4, 4, 4, 5, 4, 2, 5, 4, 5, 3, 2, 4, 3,
  3, 5, 3, 2, 2, 1, 2, 3, 2, 5, 1, 3, 1, 3, 5, 1, 4, 3, 4, 1, 4, 4, 1, 5,
  4, 4],
 [5, 4, 4, 4, 2, 5, 4, 5, 3, 3, 4, 5, 5, 5, 2, 3, 5, 5, 2, 2, 5, 1, 5, 5,
  2, 2, 5, 5, 5, 2, 5, 5, 4, 1, 3, 1, 4, 3, 5, 4, 5, 2, 4, 2, 4, 4, 2, 3,
  1, 5],
 [4, 5, 2, 5, 2, 5, 1, 1, 1, 1, 1, 1, 2, 4, 5, 1, 2, 2, 2, 4, 5, 4, 3, 2,
  3, 1, 1, 4, 5, 3, 5, 4, 1, 5, 5, 1, 3, 1, 5, 3, 3, 1, 5, 4, 5, 2, 4, 3,
  4, 3],
 [3, 4, 3, 3, 2, 5, 5, 2, 4, 1, 1, 1, 2, 2, 3, 1, 4, 4, 1, 1, 1, 2, 2, 2,
  5, 4, 4, 3, 2, 5, 5, 4, 2, 3, 2, 1, 2, 1, 1, 3, 4, 2, 1, 2, 4, 4, 5, 4,
  3, 1],
 [5, 3, 2, 1, 4, 1, 2, 5, 5, 5, 4, 3, 3, 1, 4, 5, 5, 2, 2, 5, 5, 4, 3, 2,
  3, 4, 5, 3, 5, 5, 1, 3, 3, 5, 4, 1, 5, 2, 2, 1, 4, 5, 3, 1, 4, 3, 2, 2,
  3, 1],
 [2, 5, 3, 3, 2, 1, 5, 1, 4, 4, 2, 2, 2, 4, 1, 1, 2, 5, 1, 4, 3, 3, 3, 5,
  2, 4, 5, 4, 4, 2, 3, 2, 5, 5, 5, 2, 4, 4, 1, 5, 4, 1, 4, 5, 3, 5, 2, 4,
  4, 2],
 [2, 3, 4, 4, 3, 1, 3, 5, 4, 2, 5, 4, 3, 5, 4, 1, 1, 2, 4, 1, 3, 4, 3, 3,
  1, 4, 5, 1, 1, 4, 4, 3, 4, 3, 1, 2, 5, 1, 4, 5, 2, 2, 3, 5, 3, 1, 5, 1,
  3, 5],
 [3, 5, 3, 2, 3, 2, 3, 5, 5, 5, 4, 1, 5, 2, 5, 4, 2, 4, 2, 3, 1, 1, 4, 1,
  4, 4, 4, 1, 4, 1, 4, 5, 4, 2, 4, 3, 4, 2, 2, 1, 5, 4, 1, 5, 4, 3, 4, 2,
  2, 3]]

Vetor do lado direito (b):
[220, 395, 377, 206, 269, 326, 359, 447, 402, 347, 342, 398, 353, 341, 364,
 220, 281, 268, 330, 286, 417, 360, 377, 316, 395, 285, 488, 280, 351, 260,
 260, 227, 242, 368, 285, 376, 216, 297, 397, 297, 264, 204, 201, 221, 311,
 256, 265, 297, 343, 324]

Tipos de restrições (constraints):
['>=', '>=', '>=', '>=', '>=', '>=', '>=', '>=', '>=', '>=', '>=', '>=', '>=', '>=', '>=', '>=', '>=', '>=', '>=', '>=', '>=', '>=', '>=', '>=', '>=', '>=', '>=', '>=', '>=', '>=', '>=', '>=', '>=', '>=', '>=', '>=', '>=', '>=', '>=', '>=', '>=', '>=', '>=', '>=', '>=', '>=', '>=', '>=', '>=', '<=']
